              precision    recall  f1-score   support

           1       0.76      0.69      0.72      2857
           2       0.73      0.77      0.75      2857
           3       0.70      0.77      0.73      2857
           4       0.71      0.56      0.62       549
           5       0.83      0.86      0.84      1899
           6       0.72      0.68      0.70      2857
           7       0.95      0.96      0.96      2857

    accuracy                           0.78     16733
   macro avg       0.77      0.76      0.76     16733
weighted avg       0.78      0.78      0.78     16733
