              precision    recall  f1-score   support

           1       0.93      0.91      0.92      2857
           2       0.91      0.90      0.91      2857
           3       0.94      0.94      0.94      2857
           4       0.89      0.91      0.90       549
           5       0.96      0.97      0.96      1899
           6       0.94      0.94      0.94      2857
           7       0.98      1.00      0.99      2857

    accuracy                           0.94     16733
   macro avg       0.94      0.94      0.94     16733
weighted avg       0.94      0.94      0.94     16733
