              precision    recall  f1-score   support

           1       0.81      0.78      0.80      2390
           2       0.82      0.80      0.81      2390
           3       0.78      0.75      0.77      2390
           4       0.82      0.73      0.77       550
           5       0.86      0.92      0.89      1899
           6       0.75      0.79      0.77      2391
           7       0.96      0.97      0.96      2390

    accuracy                           0.83     14400
   macro avg       0.83      0.82      0.82     14400
weighted avg       0.83      0.83      0.83     14400
